image_width: 1024
image_height: 576
camera_name: front_camera
camera_matrix:
  rows: 3
  cols: 3
  data: [407.86023253, 0.0, 533.30109486,
         0.0, 407.86605705, 278.69939958,
         0.0, 0.0, 1.0]
distortion_model: plumb_bob
distortion_coefficients:
  rows: 1
  cols: 5
  data: [-0.2171785, 0.05372816, 0.00185307, -0.0021051, -0.00599918]
rectification_matrix:
  rows: 3
  cols: 3
  data: [1.0, 0.0, 0.0, 0.0, 1.0, 0.0, 0.0, 0.0, 1.0]
projection_matrix:
  rows: 3
  cols: 4
  data: [407.86023253, 0.0, 533.30109486, 0.0, 
         0.0, 407.86605705, 278.69939958, 0.0,
         0.0, 0.0, 1.0, 0.0]